{"trajectory": [[[-0.6569782264508505, 0.012408726675477502, 0.7538074246595003, 0.0], [-0.05167544538803119, -0.9982541803354668, -0.028604890957913864, 0.0], [0.75213646256078, -0.05774612493543467, 0.656472487421596, 0.0], [0.0, 0.0, 0.0, 1.0]], [[-0.6904068252245813, 0.012408726675477492, 0.7233148962834982, -0.037386120225252006], [-0.05032849480435261, -0.9982541803354666, -0.03091333132313289, -0.0029411156780403055], [0.7216685238348995, -0.057746124935434656, 0.6898260119485916, 0.04280922530968456], [0.0, 0.0, 0.0, 1.0]], [[-0.7224217602511834, 0.012408726675477509, 0.6913413222264926, -0.07505814224808172], [-0.04887849256192293, -0.9982541803354668, -0.0331584741452254, -0.005888015991287049], [0.689722910508601, -0.05774612493543467, 0.7217670619905604, 0.08565701353622068], [0.0, 0.0, 0.0, 1.0]], [[-0.7529574783649575, 0.012408726675477499, 0.6579521709642563, -0.11336517092122578], [-0.04732840765746769, -0.9982541803354668, -0.03533572231289592, -0.008840355311278643], [0.6563650338058032, -0.05774612493543467, 0.7522302356672776, 0.12846237272109062], [0.0, 0.0, 0.0, 1.0]], [[-0.7819514552163278, 0.012408726675477509, 0.6232158094812428, -0.15263249621916963], [-0.04568141401504781, -0.9982541803354668, -0.037440617734638554, -0.011794522784298302], [0.6216631966737722, -0.05774612493543468, 0.7811531571697627, 0.17109298257077565], [0.0, 0.0, 0.0, 1.0]], [[-0.8093443232954979, 0.012408726675477502, 0.5872033632836634, -0.19315644482094718], [-0.043940883987193646, -0.9982541803354666, -0.039468850467039504, -0.014743767706162633], [0.5856884539273219, -0.05774612493543464, 0.8084766044797862, 0.21336846811726384], [0.0, 0.0, 0.0, 1.0]], [[-0.8350799934922237, 0.012408726675477509, 0.5499885707642669, -0.235199562046156], [-0.042110381449740865, -0.9982541803354668, -0.041416267539734396, -0.01767835366781082], [0.548514466758339, -0.05774612493543467, 0.8341446306317366, 0.25506409975018274], [0.0, 0.0, 0.0, 1.0]], [[-0.859105769942797, 0.012408726675477502, 0.5116476322170243, -0.27898615573544217], [-0.040193654504506626, -0.9982541803354668, -0.043278881458950515, -0.020585740240165733], [0.5102173519085433, -0.05774612493543467, 0.8581046782685519, 0.29591489154273143], [0.0, 0.0, 0.0, 1.0]], [[-0.8813724579290839, 0.012408726675477502, 0.4722590538108704, -0.3246982315228766], [-0.038194627804748436, -0.9982541803354666, -0.0450528783722225, -0.023450790815620876], [0.4708755258143091, -0.057746124935434656, 0.880307687257154, 0.33562006764189367], [0.0, 0.0, 0.0, 1.0]], [[-0.9018344646086834, 0.012408726675477499, 0.4319034868419826, -0.37247184666499256], [-0.03611739451911955, -0.9982541803354668, -0.04673462587756331, -0.02625600507942319], [0.430569544042678, -0.05774612493543468, 0.9007081951430339, 0.3738478644931551], [0.0, 0.0, 0.0, 1.0]], [[-0.9204498923699564, 0.012408726675477495, 0.39066356259373497, -0.42239390717992675], [-0.03396620795057544, -0.9982541803354666, -0.04832068046110073, -0.028981774447795747], [0.3893819363473273, -0.057746124935434656, 0.9192644302383005, 0.4102406348297192], [0.0, 0.0, 0.0, 1.0]], [[-0.9371806246207689, 0.012408726675477502, 0.34862372314247175, -0.4744994305207272], [-0.0317454728273925, -0.9982541803354668, -0.04980779454795023, -0.03160665868145905], [0.34739703768223296, -0.05774612493543466, 0.9359383971525853, 0.44442021768379236], [0.0, 0.0, 0.0, 1.0]], [[-0.9519924038352947, 0.0124087266754775, 0.30587004845553384, -0.5287692933706141], [-0.02945973628413097, -0.9982541803354666, -0.05119292315188686, -0.03410768176382144], [0.30470081551903794, -0.057746124935434656, 0.9506959545916741, 0.4759935371801636], [0.0, 0.0, 0.0, 1.0]], [[-0.964854901699066, 0.012408726675477502, 0.26249008013557246, -0.5851284814162683], [-0.027113678551009667, -0.9982541803354668, -0.05247323011020052, -0.03646064502303625], [0.26138069382171, -0.05774612493543467, 0.9635068852645645, 0.5045583915564684], [0.0, 0.0, 0.0, 1.0]], [[-0.9757417812086476, 0.012408726675477502, 0.21857264217204572, -0.6434448551400654], [-0.02471210337075654, -0.9982541803354666, -0.05364609389096824, -0.03864045537684714], [0.21752537403891276, -0.05774612493543466, 0.9743449577558106, 0.5297093927259933], [0.0, 0.0, 0.0, 1.0]], [[-0.9846307505987792, 0.012408726675477502, 0.1742076590669247, -0.7035284427857622], [-0.022259928162557306, -0.9982541803354668, -0.054709112960852554, -0.040621466489103406], [0.1732246534806243, -0.05774612493543468, 0.9831879802364647, 0.5510440157626169], [0.0, 0.0, 0.0, 1.0]], [[-0.9915036089865656, 0.012408726675477502, 0.12948597170701165, -0.7651312687070471], [-0.01976217395324253, -0.9982541803354668, -0.055660110702435, -0.04237783054743041], [0.12856924145089105, -0.057746124935434656, 0.9900178459036402, 0.5681687169478018], [0.0, 0.0, 0.0, 1.0]], [[-0.9963462836392539, 0.012408726675477499, 0.08449915135988566, -0.827947722317377], [-0.017223955096329475, -0.9982541803354666, -0.05649713987101614, -0.043883858303138235], [0.08365057351319954, -0.057746124935434656, 0.9948205700556528, 0.5807050784798109], [0.0, 0.0, 0.0, 1.0]], [[-0.9991488587892915, 0.012408726675477499, 0.03933931217433543, -0.8916154698355878], [-0.014650468799970224, -0.9982541803354668, -0.05721848658175639, -0.04511438495736564], [0.038560624268774775, -0.05774612493543468, 0.9975863187268276, 0.588295937608281], [0.0, 0.0, 0.0, 1.0]], [[-0.999905595937661, 0.0124087266754775, -0.005901077430802282, -0.9557169079780579], [-0.01204698448524807, -0.9982541803354668, -0.05782267381899361, -0.04604513943195343], [-0.006608280968846835, -0.05774612493543467, 0.9983094288233373, 0.590611457824707], [0.0, 0.0, 0.0, 1.0]]]}