{"trajectory": [[[-0.6094683948032339, 0.7115461219606113, 0.3496432353968606, 0.0], [-0.6692492195962768, -0.6981803921303039, 0.254262899603048, 0.0], [0.4250338313660973, -0.07903326114738078, 0.901720569703645, 0.0], [0.0, 0.0, 0.0, 1.0]], [[-0.6180106160601911, 0.7115461219606113, 0.33431272000885337, -0.005564625885449509], [-0.6753906730095989, -0.6981803921303038, 0.23746911137328217, -0.005945213707813368], [0.40238081123302116, -0.07903326114738082, 0.9120545084499422, 0.002421052428920323], [0.0, 0.0, 0.0, 1.0]], [[-0.626167293671577, 0.7115461219606113, 0.31877364486235077, -0.011854544328734715], [-0.6811107864402567, -0.698180392130304, 0.22052717891341708, -0.012379007235078843], [0.3794767673135581, -0.0790332611473808, 0.9218194653518994, 0.0026283248069759457], [0.0, 0.0, 0.0, 1.0]], [[-0.6339333391241193, 0.7115461219606113, 0.3030357039521242, -0.018686096939385277], [-0.6864059914165641, -0.6981803921303039, 0.20344767138558972, -0.019134320601211244], [0.3563359882111099, -0.07903326114738078, 0.9310093485771354, 0.0007995070402465609], [0.0, 0.0, 0.0, 1.0]], [[-0.641303907598979, 0.7115461219606113, 0.2871087153346189, -0.025889422422764], [-0.6912729845444087, -0.6981803921303039, 0.1862412437776364, -0.026060021669275818], [0.33297291021545, -0.07903326114738075, 0.9396184250508628, -0.002871221223118281], [0.0, 0.0, 0.0, 1.0]], [[-0.6482744009941723, 0.7115461219606113, 0.27100261500299605, -0.033309131730592106], [-0.6957087295680614, -0.6981803921303039, 0.16891863025601778, -0.033021438022591616], [0.30940210829669734, -0.07903326114738082, 0.9476413240324468, -0.008174570453997165], [0.0, 0.0, 0.0, 1.0]], [[-0.6548404707930797, 0.7115461219606113, 0.2547274506885992, -0.04080493556127475], [-0.6997104592643343, -0.6981803921303039, 0.15149063746934863, -0.039900836030421716], [0.2856382870127747, -0.07903326114738081, 0.9550730404659205, -0.01488755863479746], [0.0, 0.0, 0.0, 1.0]], [[-0.6609980207772519, 0.7115461219606113, 0.23829337559271505, -0.0482522229809761], [-0.7032756771689019, -0.698180392130304, 0.13396813780670988, -0.04659784620697802], [0.26169627133602474, -0.0790332611473808, 0.9619089381023713, -0.022774963031325923], [0.0, 0.0, 0.0, 1.0]], [[-0.6667432095818205, 0.7115461219606112, 0.22171064205253552, -0.05554259002291087], [-0.7064021591337117, -0.6981803921303039, 0.11636206261494891, -0.05302983406240734], [0.23759099740470546, -0.0790332611473808, 0.968144752392248, -0.031590803136643864], [0.0, 0.0, 0.0, 1.0]], [[-0.6720724530919201, 0.7115461219606113, 0.2049895951452752, -0.06258431721047021], [-0.7090879547145106, -0.6981803921303039, 0.09868339537919879, -0.05913221573998485], [0.21333750320513506, -0.07903326114738081, 0.9737765931457836, -0.041079851528992184], [0.0, 0.0, 0.0, 1.0]], [[-0.6769824266786241, 0.7115461219606113, 0.18814066623443318, -0.0693027950394689], [-0.711331388387622, -0.6981803921303039, 0.08094316487087184, -0.0648587178302912], [0.18895091919030046, -0.07903326114738078, 0.9788009469598762, -0.050979169340240105], [0.0, 0.0, 0.0, 1.0]], [[-0.6814700672730026, 0.7115461219606113, 0.17117436646222525, -0.07564089654586567], [-0.7131310605952157, -0.6981803921303039, 0.06315243826740115, -0.07018158085056314], [0.16444645884077894, -0.0790332611473808, 0.983214679409913, -0.06101966299063119], [0.0, 0.0, 0.0, 1.0]], [[-0.6855325752770074, 0.7115461219606113, 0.15410128019224656, -0.08155929617764797], [-0.7144858486184165, -0.6981803921303039, 0.04532231424802276, -0.07509170597555273], [0.13983940917386528, -0.0790332611473808, 0.9870150370051687, -0.07092765880992877], [0.0, 0.0, 0.0, 1.0]], [[-0.6891674163099893, 0.7115461219606113, 0.1369320584064553, -0.08703673428306288], [-0.7153949072777079, -0.698180392130304, 0.027463916069905222, -0.0795987447049766], [0.11514512120682142, -0.07903326114738081, 0.9901996489065609, -0.08042649213444122], [0.0, 0.0, 0.0, 1.0]], [[-0.6923723227897639, 0.7115461219606114, 0.11967741206059715, -0.09207022662189282], [-0.7158576694601956, -0.6981803921303039, 0.009588384628947087, -0.08373113125185226], [0.0903790003802017, -0.07903326114738081, 0.9927665284056899, -0.0892381074438815], [0.0, 0.0, 0.0, 1.0]], [[-0.6951452953472332, 0.7115461219606114, 0.10234810540221465, -0.09667521840189161], [-0.7158738464733968, -0.6981803921303039, -0.008293128490430372, -0.08753605753557181], [0.06555649694722511, -0.07903326114738082, 0.9947140741642386, -0.09708466608161748], [0.0, 0.0, 0.0, 1.0]], [[-0.6974846040736853, 0.7115461219606113, 0.0849549492554113, -0.1008856824386862], [-0.7154434282253416, -0.6981803921303039, -0.026169467972157724, -0.09107939076331945], [0.04069309633519188, -0.07903326114738081, 0.9960410712129619, -0.10369015808662407], [0.0, 0.0, 0.0, 1.0]], [[-0.6993887895999908, 0.7115461219606113, 0.06750879427655862, -0.10475416113428403], [-0.7145666832308679, -0.6981803921303039, -0.04402948172772046, -0.09444553368326739], [0.01580430948495662, -0.07903326114738082, 0.9967466917096408, -0.10878201465538628], [0.0, 0.0, 0.0, 1.0]], [[-0.700856664007026, 0.7115461219606113, 0.05002052418515425, -0.10835175206667641], [-0.71324415844411, -0.6981803921303038, -0.061862027853348, -0.09773722769274995], [-0.00909433682551475, -0.0790332611473808, 0.9968304954555283, -0.11209271774712654], [0.0, 0.0, 0.0, 1.0]], [[-0.7018873115667509, 0.7115461219606113, 0.03250104897405356, -0.11176803708076477], [-0.711476678917283, -0.698180392130304, -0.0796559815808497, -0.10107529908418655], [-0.03398730966746857, -0.07903326114738081, 0.9962924301699665, -0.1133614033460617], [0.0, 0.0, 0.0, 1.0]]]}