{
  "extrinsics": [
    [
      [
        0.82418,
        -0.035466,
        -0.56522,
        0.16302
      ],
      [
        0.053797,
        0.99843,
        0.015795,
        0.0064381
      ],
      [
        0.56377,
        -0.043425,
        0.82479,
        0.054947
      ],
      [
        0,
        0,
        0,
        1
      ]
    ],
    [
      [
        0.99997,
        -0.0063155,
        0.0053283,
        0
      ],
      [
        0.0063151,
        0.99998,
        0.000092527,
        0
      ],
      [
        -0.0053288,
        -0.000058875,
        0.99999,
        0
      ],
      [
        0,
        0,
        0,
        1
      ]
    ]
  ]
}