{"trajectory": [[[-0.9994328676019198, 0.033162688302251324, 0.005846303239755832, 0.16301998496055603], [-0.03304689985446353, -0.9992750977613937, 0.018899243476032567, 0.006438099779188634], [0.0064688149619937865, 0.018695322905075067, 0.9998043005180877, 0.054946996271610316], [0.0, 0.0, 0.0, 1.0]], [[-0.9994499258496773, 0.033162688302251324, -0.00028604832167523214, 0.1612404083514977], [-0.0331622382793855, -0.9992750977613937, 0.018696121155431157, 0.00637912634892118], [0.0003341726737321901, 0.018695322905075067, 0.9998251713325181, 0.05495153559413368], [0.0, 0.0, 0.0, 1.0]], [[-0.9994293573763718, 0.033162688302251324, -0.006418389114122145, 0.1594608726960307], [-0.033276328231265154, -0.9992750977613937, 0.01849229497391838, 0.006319893915649543], [-0.005800482195271727, 0.018695322905075064, 0.9998084012988575, 0.05494215842081307], [0.0, 0.0, 0.0, 1.0]], [[-0.9993711629563534, 0.033162688302251324, -0.012550488270714547, 0.1576814992920792], [-0.03338916541490902, -0.9992750977613937, 0.01828777260502613, 0.006260407675262294], [-0.01193491869102857, 0.01869532290507507, 0.9997539910484546, 0.05491892731044001], [0.0, 0.0, 0.0, 1.0]], [[-0.9992753447804927, 0.03316268830225132, -0.018682114933679057, 0.1559024079109998], [-0.033500745582287154, -0.9992750977613936, 0.018082561748495946, 0.006200672792903665], [-0.018068905867770147, 0.018695322905075064, 0.9996619426297156, 0.054881905886405846], [0.0, 0.0, 0.0, 1.0]], [[-0.9991419064560975, 0.03316268830225133, -0.02481303826303045, 0.15412371678858292], [-0.033611064532693004, -0.9992750977613937, 0.017876670129989183, 0.006140694402237717], [-0.024202212796643953, 0.018695322905075064, 0.9995322595080266, 0.0548311588133325], [0.0, 0.0, 0.0, 1.0]], [[-0.9989708530067779, 0.033162688302251324, -0.03094302744526221, 0.15234554261633987], [-0.03372011811290161, -0.9992750977613937, 0.017670105500796132, 0.006080477604720599], [-0.03033460857440708, 0.01869532290507507, 0.999364946565624, 0.05476675177363055], [0.0, 0.0, 0.0, 1.0]], [[-0.9987621908722567, 0.03316268830225132, -0.037071851702036064, 0.15056800053307742], [-0.03382790221732596, -0.9992750977613937, 0.01746287563754418, 0.006020027468881051], [-0.03646586233211912, 0.018695322905075067, 0.9991600101014101, 0.054688751443987105], [0.0, 0.0, 0.0, 1.0]], [[-0.9985159279081268, 0.033162688302251324, -0.043199280298870185, 0.1487912041167596], [-0.033934412788171546, -0.9992750977613937, 0.0172549883419051, 0.005959349029609196], [-0.04259574324383377, 0.01869532290507507, 0.9989174578307161, 0.05459722547178669], [0.0, 0.0, 0.0, 1.0]], [[-0.998232073385556, 0.03316268830225133, -0.04932508255382576, 0.14701526537665777], [-0.03403964581558909, -0.9992750977613937, 0.017046451440301282, 0.0058984472874536766], [-0.048724020535288876, 0.018695322905075067, 0.9986372988850115, 0.054492242451468165], [0.0, 0.0, 0.0, 1.0]], [[-0.9979106379909376, 0.033162688302251324, -0.055449027846191525, 0.14524029474578878], [-0.03414359733782557, -0.9992750977613937, 0.016837272783611124, 0.005837327207927254], [-0.05485046349259439, 0.018695322905075067, 0.9983195438115606, 0.054373871900821436], [0.0, 0.0, 0.0, 1.0]], [[-0.997551633825488, 0.033162688302251324, -0.06157088562516618, 0.14346640107364278], [-0.03424626344137334, -0.9992750977613937, 0.01662746024687345, 0.0057759937208209], [-0.06097484147091837, 0.01869532290507507, 0.9979642045730255, 0.054242184237225766], [0.0, 0.0, 0.0, 1.0]], [[-0.9971550744047915, 0.033162688302251324, -0.06769042541853784, 0.1416936916191997], [-0.03434764026111747, -0.9992750977613937, 0.01641702172899103, 0.005714451719526474], [-0.0670969239031699, 0.018695322905075067, 0.997571294547015, 0.054097250753833925], [0.0, 0.0, 0.0, 1.0]], [[-0.9967209746582909, 0.03316268830225134, -0.07380741684136088, 0.1399222720442358], [-0.034447723980481224, -0.9992750977613937, 0.016205965152433225, 0.005652706060368065], [-0.07321648030867954, 0.018695322905075067, 0.9971408285255818, 0.05393914359570495], [0.0, 0.0, 0.0, 1.0]], [[-0.9962493509287261, 0.03316268830225134, -0.07992162960462927, 0.1381522464069204], [-0.034546510831569795, -0.9992750977613937, 0.015994298462937723, 0.005590761561942044], [-0.07933328030187622, 0.018695322905075067, 0.9966728227146655, 0.053767935735888284], [0.0, 0.0, 0.0, 1.0]], [[-0.9957402209715186, 0.033162688302251324, -0.08603283352394635, 0.13638371715570285], [-0.03464399709531213, -0.9992750977613937, 0.015782029629211387, 0.005528623004465903], [-0.08544709360096076, 0.018695322905075067, 0.9961672947334819, 0.053583700951462754], [0.0, 0.0, 0.0, 1.0]], [[-0.9951936039541026, 0.033162688302251324, -0.09214079852819071, 0.13461678512349037], [-0.03474017910160094, -0.9992750977613937, 0.015569166642630252, 0.005466295129135967], [-0.0915576900365753, 0.018695322905075067, 0.9956242636138602, 0.05338651379953313], [0.0, 0.0, 0.0, 1.0]], [[-0.9946095204552039, 0.033162688302251324, -0.09824529466817777, 0.13285154952211675], [-0.03483505322943088, -0.9992750977613937, 0.015355717516938693, 0.005403782637494021], [-0.0976648395604686, 0.018695322905075067, 0.9950437497995266, 0.05317644959318796], [0.0, 0.0, 0.0, 1.0]], [[-0.9939879924640652, 0.033162688302251324, -0.1043460921253168, 0.1310881079371023], [-0.03492861590703488, -0.9992750977613937, 0.015141690287947733, 0.005341090190802946], [-0.10376831225415688, 0.01869532290507507, 0.9944257751453343, 0.05295358437742148], [0.0, 0.0, 0.0, 1.0]], [[-0.9933290433796181, 0.03316268830225134, -0.11044296122026283, 0.1293265563227053], [-0.035020863612018595, -0.9992750977613937, 0.014927093013232461, 0.0052782224094313724], [-0.1098678783375794, 0.018695322905075067, 0.9937703629164405, 0.052717994905021937], [0.0, 0.0, 0.0, 1.0]], [[-0.992632698009602, 0.03316268830225133, -0.11653567242156393, 0.12756698899726493], [-0.035111792871492985, -0.9992750977613937, 0.014711933771828754, 0.005215183872247503], [-0.11596330817774951, 0.018695322905075067, 0.9930775377874315, 0.05246975861243125], [0.0, 0.0, 0.0, 1.0]], [[-0.9918989825696304, 0.03316268830225133, -0.12262399635430189, 0.12580949863883606], [-0.035201400262205154, -0.9992750977613937, 0.014496220663929072, 0.0051519791160220835], [-0.12205437229739927, 0.018695322905075064, 0.9923473258413926, 0.052208953595577146], [0.0, 0.0, 0.0, 1.0]], [[-0.9911279246822039, 0.033162688302251324, -0.12870770380872804, 0.1240541762811157], [-0.035289682410667114, -0.9992750977613937, 0.014279961810577538, 0.005088612634840632], [-0.12814084138361895, 0.018695322905075064, 0.9915797545689269, 0.05193565858568183], [0.0, 0.0, 0.0, 1.0]], [[-0.9903195533756705, 0.03316268830225133, -0.13478656574889217, 0.12230111130966152], [-0.0353766359932829, -0.9992750977613937, 0.01406316535336418, 0.00502508887952497], [-0.13422248629649008, 0.01869532290507507, 0.9907748528671202, 0.05164995292505109], [0.0, 0.0, 0.0, 1.0]], [[-0.989473899083132, 0.03316268830225133, -0.1408603533212652, 0.1205503914584023], [-0.03546225773647356, -0.9992750977613937, 0.013845839454118433, 0.004961412257064124], [-0.1402990780777118, 0.018695322905075064, 0.9899326510384528, 0.051351916542845044], [0.0, 0.0, 0.0, 1.0]], [[-0.9885909936412993, 0.033162688302251324, -0.14692883786335525, 0.11880210280644024], [-0.03554654441680054, -0.9992750977613937, 0.01362799229460186, 0.004897587130054644], [-0.1463703879592209, 0.018695322905075067, 0.9890531807896592, 0.051041629930834886], [0.0, 0.0, 0.0, 1.0]], [[-0.9876708702892933, 0.033162688302251324, -0.15299179091231543, 0.11705632977514568], [-0.035629492861086944, -0.9992750977613937, 0.013409632076200143, 0.004833617816150413], [-0.1524361873718038, 0.018695322905075067, 0.9881364752305338, 0.05071917411914917], [0.0, 0.0, 0.0, 1.0]], [[-0.9867135636673933, 0.033162688302251324, -0.15904898421354569, 0.1153131551255431], [-0.035711099946537025, -0.9992750977613937, 0.0131907670196143, 0.004769508587521985], [-0.15849624795370212, 0.018695322905075067, 0.9871825688726851, 0.05038463065201143], [0.0, 0.0, 0.0, 1.0]], [[-0.9857191098157333, 0.033162688302251324, -0.1651001897292856, 0.11357265995598956], [-0.035791362600853756, -0.9992750977613937, 0.01297140536455122, 0.0047052636703255254], [-0.16455034155920972, 0.018695322905075067, 0.9861914976282358, 0.05003808156347295], [0.0, 0.0, 0.0, 1.0]], [[-0.984687546172945, 0.03316268830225133, -0.1711451796471994, 0.11183492370014458], [-0.03587027780235448, -0.9992750977613937, 0.012751555369413439, 0.004640887244181401], [-0.1705982402672617, 0.018695322905075067, 0.9851632988084711, 0.04967960935314425], [0.0, 0.0, 0.0, 1.0]], [[-0.9836189115747483, 0.033162688302251324, -0.17718372638895272, 0.11010002412523191], [-0.035947842580084675, -0.9992750977613936, 0.012531225310988254, 0.004576383441662465], [-0.17663971639001513, 0.018695322905075067, 0.984098011122434, 0.04930929696192715], [0.0, 0.0, 0.0, 1.0]], [[-0.9825132462524895, 0.033162688302251324, -0.18321560261878014, 0.10836803733059241], [-0.0360240540139298, -0.9992750977613937, 0.01231042348413609, 0.004511756347792105], [-0.18267454248142104, 0.018695322905075067, 0.982995674675468, 0.04892722774775199], [0.0, 0.0, 0.0, 1.0]], [[-0.9813705918316262, 0.03316268830225133, -0.18924058125204385, 0.10663903774652865], [-0.03609890923472525, -0.9992750977613937, 0.012089158201478267, 0.004447009999552101], [-0.18870249134578682, 0.018695322905075064, 0.9818563309677075, 0.04853348546132186], [0.0, 0.0, 0.0, 1.0]], [[-0.9801909913301609, 0.033162688302251324, -0.19525843546378288, 0.10491309813344021], [-0.03617240542436434, -0.9992750977613936, 0.011867437793084013, 0.004382148385400326], [-0.19472333604632996, 0.018695322905075067, 0.9806800228925148, 0.048128154221867336], [0.0, 0.0, 0.0, 1.0]], [[-0.9789744891570206, 0.03316268830225132, -0.20126893869725235, 0.10319028958124997], [-0.036244539815904406, -0.9992750977613937, 0.01164527060615686, 0.0043171754447983695], [-0.20073684991372143, 0.018695322905075067, 0.9794667947348654, 0.04771131849291543], [0.0, 0.0, 0.0, 1.0]], [[-0.9777211311103857, 0.03316268830225133, -0.207271864672453, 0.10147068150912086], [-0.03631530969367103, -0.9992750977613937, 0.011422665004720415, 0.0042520950677491075], [-0.20674280655461924, 0.018695322905075067, 0.978216692169682, 0.047283063058075], [0.0, 0.0, 0.0, 1.0]], [[-0.9764309643759655, 0.03316268830225132, -0.21326698739464964, 0.0997543416654629], [-0.03638471239336016, -0.9992750977613936, 0.011199629369303469, 0.004186911094344287], [-0.21274097986019144, 0.018695322905075064, 0.976929762260113, 0.046843472996841884], [0.0, 0.0, 0.0, 1.0]], [[-0.9751040375252218, 0.03316268830225133, -0.2192540811628795, 0.09804133612822999], [-0.03645274530213854, -0.9992750977613937, 0.01097617209662448, 0.004121627314322135], [-0.2187311440146287, 0.01869532290507507, 0.9756060534557618, 0.04639263366042706], [0.0, 0.0, 0.0, 1.0]], [[-0.9737404005135402, 0.03316268830225133, -0.2252329205784496, 0.09633172930550621], [-0.036519405858742, -0.9992750977613937, 0.010752301599275454, 0.004056247466635087], [-0.2247130735036459, 0.018695322905075067, 0.9742456155908632, 0.04593063064761127], [0.0, 0.0, 0.0, 1.0]], [[-0.9723401046783494, 0.03316268830225132, -0.23120328055342185, 0.09462558393638133], [-0.036584691553571906, -0.9992750977613936, 0.010528026305405273, 0.003990775239027649], [-0.23068654312297143, 0.018695322905075064, 0.9728484998824065, 0.04545754978062816], [0.0, 0.0, 0.0, 1.0]], [[-0.970903202737189, 0.03316268830225133, -0.2371649363190872, 0.09292296109211501], [-0.03664859992878964, -0.9992750977613937, 0.01030335465840234, 0.003925214267624421], [-0.23665132798682642, 0.018695322905075067, 0.971414758928207, 0.044973477081079405], [0.0, 0.0, 0.0, 1.0]], [[-0.969429748785724, 0.03316268830225133, -0.24311766343442812, 0.09122392017758875], [-0.036711128578409115, -0.9992750977613937, 0.010078295116576744, 0.00385956813652837], [-0.2426072035363906, 0.018695322905075067, 0.9699444467049272, 0.04447849874588605], [0.0, 0.0, 0.0, 1.0]], [[-0.9679197982957088, 0.03316268830225132, -0.2490612377945675, 0.08952851893304625], [-0.03677227514838738, -0.9992750977613936, 0.009852856152841824, 0.003793840377429358], [-0.24855394554825652, 0.018695322905075064, 0.9684376185660435, 0.043972701123277225], [0.0, 0.0, 0.0, 1.0]], [[-0.9663734081128988, 0.03316268830225133, -0.2549954356392059, 0.08783681343612049], [-0.03683203733671323, -0.9992750977613937, 0.00962704625439517, 0.0037280344692229585], [-0.2544913301428708, 0.018695322905075064, 0.9668943312397624, 0.04345617068882024], [0.0, 0.0, 0.0, 1.0]], [[-0.9647906364549101, 0.033162688302251324, -0.26092003356104587, 0.08614885810414731], [-0.03689041289349385, -0.9992750977613936, 0.00940087392239912, 0.0036621538376396426], [-0.2604191337929629, 0.018695322905075067, 0.9653146428268858, 0.04292899402149586], [0.0, 0.0, 0.0, 1.0]], [[-0.9631715429090276, 0.03316268830225133, -0.26683480851420205, 0.08446470569676566], [-0.03694739962103957, -0.9992750977613937, 0.009174347671660688, 0.003596201854884319], [-0.2663371333319602, 0.018695322905075064, 0.9636986127986222, 0.04239125777981956], [0.0, 0.0, 0.0, 1.0]], [[-0.9615161884299623, 0.03316268830225133, -0.27273953782259897, 0.08278440731880252], [-0.03700299537394656, -0.9992750977613937, 0.00894747603031103, 0.003530181839286312], [-0.2722451059623898, 0.018695322905075067, 0.962046301994349, 0.04184304867801503], [0.0, 0.0, 0.0, 1.0]], [[-0.959824635337556, 0.03316268830225132, -0.2786339991883535, 0.0811080124234433], [-0.0370571980591776, -0.9992750977613937, 0.008720267539484378, 0.00346409705495978], [-0.27814282926426587, 0.018695322905075067, 0.9603577726193215, 0.04128445346223947], [0.0, 0.0, 0.0, 1.0]], [[-0.9580969473144352, 0.03316268830225132, -0.2845179707001444, 0.07943556881568588], [-0.0371100056361409, -0.9992750977613937, 0.008492730752996462, 0.0033979507114746178], [-0.28403008120346357, 0.018695322905075064, 0.9586330882423311, 0.04071555888686662], [0.0, 0.0, 0.0, 1.0]], [[-0.9563331894036136, 0.03316268830225134, -0.29039123084156654, 0.07776712265607823], [-0.037161416116766904, -0.9992750977613937, 0.008264874237022515, 0.003331745963537888], [-0.2899066401400781, 0.01869532290507507, 0.9568723137933118, 0.040136451690828356], [0.0, 0.0, 0.0, 1.0]], [[-0.9545334280060437, 0.033162688302251324, -0.29625355849946994, 0.07610271846473904], [-0.037211427565583134, -0.9992750977613937, 0.008036706569774763, 0.0032654859106857987], [-0.2957722848367685, 0.018695322905075067, 0.9550755155608966, 0.039547218574019494], [0.0, 0.0, 0.0, 1.0]], [[-0.9526977308781165, 0.03316268830225133, -0.302104732972285, 0.07444239912565959], [-0.03726003809978709, -0.9992750977613937, 0.007808236341179464, 0.0031991735969862573], [-0.301626794467087, 0.01869532290507507, 0.9532427611899209, 0.03894794617376801], [0.0, 0.0, 0.0, 1.0]], [[-0.9508261671291113, 0.03316268830225132, -0.30794453397833066, 0.07278620589128752], [-0.03730724588931708, -0.9992750977613937, 0.007579472152553552, 0.003132812010752052], [-0.3074699486237924, 0.018695322905075067, 0.9513741196788768, 0.0383387210413732], [0.0, 0.0, 0.0, 1.0]], [[-0.9489188072185929, 0.03316268830225132, -0.3137727416641076, 0.07113417838739051], [-0.03735304915692116, -0.9992750977613937, 0.007350422616280782, 0.0030664040842646543], [-0.3133015273271481, 0.018695322905075067, 0.9494696613773139, 0.03771962961871572], [0.0, 0.0, 0.0, 1.0]], [[-0.94697572295376, 0.033162688302251324, -0.31958913661257543, 0.06948635461819949], [-0.037397446178224034, -0.9992750977613936, 0.007121096355487531, 0.0029999526935087107], [-0.3191213110332033, 0.018695322905075064, 0.9475294579831937, 0.03709075821494284], [0.0, 0.0, 0.0, 1.0]], [[-0.9449969874867414, 0.03316268830225132, -0.3253934998514127, 0.06784277097183061], [-0.03744043528179193, -0.9992750977613936, 0.006891502003718135, 0.0029334606579172126], [-0.3249290806420587, 0.018695322905075067, 0.9455535825401867, 0.036452192983229215], [0.0, 0.0, 0.0, 1.0]], [[-0.942982675311842, 0.03316268830225132, -0.331185612861261, 0.06620346222598476], [-0.0374820148491956, -0.9992750977613936, 0.006661648204609866, 0.0028669307401273927], [-0.33072461750611487, 0.018695322905075067, 0.9435421094349257, 0.035804019897620165], [0.0, 0.0, 0.0, 1.0]], [[-0.9409328622627381, 0.033162688302251324, -0.33696525758395174, 0.06456846155392407], [-0.037522183315071185, -0.9992750977613937, 0.006431543611567515, 0.002800365645747366], [-0.3365077034383038, 0.018695322905075067, 0.9414951143942031, 0.03514632472995666], [0.0, 0.0, 0.0, 1.0]], [[-0.9388476255096231, 0.033162688302251324, -0.34273221643071494, 0.06293780053072397], [-0.03756093916717918, -0.9992750977613936, 0.006201196887437645, 0.0027337680231335473], [-0.3422781207203028, 0.018695322905075067, 0.9394126744821218, 0.03447919302688779], [0.0, 0.0, 0.0, 1.0]], [[-0.9367270435563013, 0.033162688302251324, -0.34848627229037155, 0.061311509139800324], [-0.03759828094646136, -0.9992750977613937, 0.005970616704182399, 0.0026671404631788296], [-0.3480356521107316, 0.018695322905075067, 0.9372948680971922, 0.033802710086971055], [0.0, 0.0, 0.0, 1.0]], [[-0.9345711962372334, 0.033162688302251324, -0.3542272085375068, 0.05968961577971019], [-0.0376342072470957, -0.9992750977613937, 0.005739811742553079, 0.002600485499111611], [-0.3537800808533307, 0.01869532290507507, 0.9351417749693818, 0.03311696093786637], [0.0, 0.0, 0.0, 1.0]], [[-0.9323801647145303, 0.033162688302251324, -0.35995480904062527, 0.05807214727122555], [-0.03766871671654933, -0.9992750977613937, 0.005508790691763309, 0.0025338056063056204], [-0.3595111906851213, 0.01869532290507507, 0.9329534761571134, 0.03242203031362373], [0.0, 0.0, 0.0, 1.0]], [[-0.9301540314748977, 0.03316268830225132, -0.3656688581702886, 0.05645912886467845], [-0.0377018080556294, -0.9992750977613937, 0.005277562249161907, 0.0024671032021006062], [-0.3652287658445476, 0.018695322905075067, 0.930730054044213, 0.031718002632069364], [0.0, 0.0, 0.0, 1.0]], [[-0.9278928803265309, 0.03316268830225132, -0.3713691408072322, 0.05485058424757712], [-0.03773348001853205, -0.9992750977613936, 0.005046135119905475, 0.0024003806456338933], [-0.3709325910795992, 0.018695322905075064, 0.9284715923368092, 0.03100496197229291], [0.0, 0.0, 0.0, 1.0]], [[-0.9255967963959593, 0.033162688302251324, -0.3770554423504651, 0.05324653555249097], [-0.03776373141288927, -0.9992750977613937, 0.004814518016630637, 0.002333640237682806], [-0.37662245165591546, 0.01869532290507507, 0.9261781760601804, 0.030282992052237667], [0.0, 0.0, 0.0, 1.0]], [[-0.9232658661248416, 0.03316268830225133, -0.3827275487253482, 0.05164700336520467], [-0.03779256109981382, -0.9992750977613937, 0.004582719659126073, 0.002266884220518009], [-0.3822981333648687, 0.018695322905075067, 0.9238498915555557, 0.029552176206397995], [0.0, 0.0, 0.0, 1.0]], [[-0.9209001772667121, 0.03316268830225132, -0.3883852463916542, 0.05005200673313846], [-0.037819967993942064, -0.9992750977613936, 0.004350748774004204, 0.002200114777767744], [-0.38795942253162946, 0.018695322905075064, 0.9214868264768628, 0.028812597363625514], [0.0, 0.0, 0.0, 1.0]], [[-0.9184998188836763, 0.033162688302251324, -0.3940283223516067, 0.0484615631740352], [-0.03784595106347489, -0.9992750977613936, 0.004118614094372671, 0.002133334034292991], [-0.39360610602321067, 0.018695322905075064, 0.9190890697874283, 0.02806433802504782], [0.0, 0.0, 0.0, 1.0]], [[-0.9160648813430582, 0.03316268830225133, -0.39965656415789846, 0.04687568868491146], [-0.0378705093302165, -0.9992750977613937, 0.0038863243595055677, 0.0020665440560735803], [-0.399237971256491, 0.01869532290507507, 0.9166567117566293, 0.027307480242102555], [0.0, 0.0, 0.0, 1.0]], [[-0.9135954563139983, 0.03316268830225133, -0.4052697599216908, 0.045294397751272156], [-0.037893641869611264, -0.9992750977613937, 0.0036538883145144103, 0.0019997468501052277], [-0.40485480620621855, 0.018695322905075067, 0.9141898439564948, 0.026542105594688892], [0.0, 0.0, 0.0, 1.0]], [[-0.9110916367640025, 0.03316268830225133, -0.4108676983205891, 0.04371770335658755], [-0.037915347810778544, -0.9992750977613937, 0.003421314710018924, 0.0019329443643075453], [-0.41045639941299317, 0.01869532290507507, 0.9116885592582571, 0.025768295169439515], [0.0, 0.0, 0.0, 1.0]], [[-0.9085535169554417, 0.03316268830225133, -0.4164501686066, 0.04214561699203047], [-0.037935626336545424, -0.9992750977613937, 0.003188612301817584, 0.001866138487443001], [-0.4160425399912271, 0.018695322905075067, 0.9091529518288567, 0.024986129538116963], [0.0, 0.0, 0.0, 1.0]], [[-0.9059811924420038, 0.033162688302251324, -0.4220169606140643, 0.04057814866647358], [-0.037954476683477525, -0.9992750977613937, 0.0029557898505580002, 0.0017993310490468585], [-0.4216130176370842, 0.018695322905075067, 0.9065831171273966, 0.024195688736135035], [0.0, 0.0, 0.0, 1.0]], [[-0.9033747600650954, 0.033162688302251324, -0.42756786476756997, 0.03901530691674415], [-0.03797189814190774, -0.9992750977613937, 0.0027228561214070993, 0.0017325238193680913], [-0.4271676226363976, 0.018695322905075067, 0.9039791519015486, 0.023397052241210248], [0.0, 0.0, 0.0, 1.0]], [[-0.9007343179501971, 0.03316268830225134, -0.43310267208984177, 0.03745709881813572], [-0.037987890055962946, -0.9992750977613937, 0.002489819883721128, 0.0016657185093212738], [-0.43270614587256484, 0.018695322905075074, 0.9013411541839115, 0.022590298952144316], [0.0, 0.0, 0.0, 1.0]], [[-0.8980599655031682, 0.033162688302251324, -0.4386211742096088, 0.03590352999517479], [-0.03800245182358864, -0.9992750977613937, 0.0022566899107155165, 0.0015989167704494626], [-0.43822837883442023, 0.018695322905075067, 0.8986692232883191, 0.02177550716774157], [0.0, 0.0, 0.0, 1.0]], [[-0.8953518034065053, 0.03316268830225133, -0.4441231633694491, 0.03435460463264148], [-0.03801558289657173, -0.9992750977613937, 0.0020234749791345967, 0.0015321201948980652], [-0.44373411362408516, 0.01869532290507507, 0.8959634598061031, 0.020952754565863374], [0.0, 0.0, 0.0, 1.0]], [[-0.8926099336155511, 0.033162688302251324, -0.4496084324336114, 0.03281032548684212], [-0.038027282780561056, -0.9992750977613937, 0.0017901838689211606, 0.0014653303153996907], [-0.4492231429647952, 0.018695322905075067, 0.8932239656023042, 0.02012211818262205], [0.0, 0.0, 0.0, 1.0]], [[-0.8898344593546564, 0.033162688302251324, -0.45507677489581266, 0.03127069389713294], [-0.038037551035086055, -0.9992750977613937, 0.001556825362885937, 0.001398548605269999], [-0.4546952602087025, 0.018695322905075064, 0.8904508438118386, 0.01928367439171863], [0.0, 0.0, 0.0, 1.0]], [[-0.887025485113294, 0.033162688302251324, -0.4605279848870133, 0.02973570979769244], [-0.03804638727357333, -0.9992750977613937, 0.001323408246376934, 0.0013317764784145317], [-0.4601502593446566, 0.018695322905075067, 0.8876441988356147, 0.018437498883924486], [0.0, 0.0, 0.0, 1.0]], [[-0.884183116642125, 0.033162688302251324, -0.46596185718316696, 0.0282053717295421], [-0.03805379116336121, -0.9992750977613937, 0.0010899413069486935, 0.0012650152893465307], [-0.4655879350059596, 0.018695322905075064, 0.8848041363366027, 0.01758366664671185], [0.0, 0.0, 0.0, 1.0]], [[-0.8813074609490171, 0.03316268830225133, -0.4713781872129472, 0.026679676852812195], [-0.03805976242571229, -0.9992750977613937, 0.0008564333340314568, 0.0011982663332157368], [-0.47100808247809817, 0.01869532290507507, 0.8819307632358563, 0.016722251944034372], [0.0, 0.0, 0.0, 1.0]], [[-0.8783986262950167, 0.033162688302251324, -0.4767767710654487, 0.025158620959252975], [-0.038064300835823864, -0.9992750977613937, 0.0006228931186002823, 0.0011315308458481747], [-0.47641049770645, 0.018695322905075067, 0.8790241877084883, 0.015853328296261515], [0.0, 0.0, 0.0, 1.0]], [[-0.8754567221902727, 0.03316268830225132, -0.48215740549786384, 0.02364219848498808], [-0.038067406222836477, -0.9992750977613936, 0.0003893294528440625, 0.0010648100037968958], [-0.48179497730396625, 0.018695322905075064, 0.8760845191795971, 0.01497696846026797], [0.0, 0.0, 0.0, 1.0]], [[-0.8724818593899136, 0.03316268830225132, -0.48751988794313506, 0.02213040252350884], [-0.03806907846984028, -0.9992750977613936, 0.00015575112983454154, 0.0009981049244037028], [-0.48716131855882855, 0.018695322905075064, 0.8731118683201475, 0.014093244409682487], [0.0, 0.0, 0.0, 1.0]], [[-0.8694741498898783, 0.033162688302251324, -0.4928640165175801, 0.02062322483890877], [-0.038069317513879465, -0.9992750977613936, -7.783305680472566e-05, 0.0009314166658718219], [-0.4925093194420804, 0.018695322905075067, 0.8701063470428049, 0.013202227315296827], [0.0, 0.0, 0.0, 1.0]], [[-0.8664337069226994, 0.033162688302251324, -0.49818959002849283, 0.019120655879354964], [-0.03806812334595464, -0.9992750977613937, -0.00031141431322944275, 0.000864746227349525], [-0.49783877861523324, 0.018695322905075067, 0.8670680684977206, 0.012303987525638882], [0.0, 0.0, 0.0, 1.0]], [[-0.8633606449532406, 0.03316268830225132, -0.5034964079817176, 0.017622684790795817], [-0.03806549601102317, -0.9992750977613936, -0.0005449838457056173, 0.0007980945490246962], [-0.5031494954378464, 0.018695322905075064, 0.8639971470682735, 0.01139859454771186], [0.0, 0.0, 0.0, 1.0]], [[-0.8602550796743873, 0.033162688302251324, -0.5087842705891973, 0.016129299430902883], [-0.03806143560799746, -0.9992750977613936, -0.000778532860940641, 0.0007314625122303178], [-0.5084412699750799, 0.018695322905075067, 0.860893698366763, 0.010486117027901948], [0.0, 0.0, 0.0, 1.0]], [[-0.8571171280026904, 0.03316268830225132, -0.514052978776495, 0.014640486383245], [-0.03805594228974123, -0.9992750977613936, -0.0010120525664143291, 0.000664850939560875], [-0.5137139030052231, 0.018695322905075067, 0.8577578392300564, 0.009566622733057306], [0.0, 0.0, 0.0, 1.0]], [[-0.8539469080739658, 0.03316268830225132, -0.5193023341902882, 0.013156230971693217], [-0.038049016263063826, -0.9992750977613936, -0.001245534170709923, 0.0005982605949996662], [-0.5189671960271932, 0.018695322905075067, 0.8545896877151912, 0.0086401785317409], [0.0, 0.0, 0.0, 1.0]], [[-0.8507445392388461, 0.033162688302251324, -0.5245321392058367, 0.011676517275054032], [-0.038040657788712316, -0.9992750977613937, -0.0014789688838450893, 0.0005316921840569875], [-0.5242009512680091, 0.018695322905075067, 0.8513893630949293, 0.007706850375659047], [0.0, 0.0, 0.0, 1.0]], [[-0.8475101420582877, 0.033162688302251324, -0.5297421969344228, 0.010201328141929783], [-0.03803086718136181, -0.9992750977613937, -0.0017123479176028133, 0.0004651463539192029], [-0.5294149716902373, 0.018695322905075074, 0.8481569858532678, 0.006766703281269493], [0.0, 0.0, 0.0, 1.0]], [[-0.844243838299032, 0.03316268830225131, -0.5349323112307629, 0.008730645205804105], [-0.03801964480960349, -0.9992750977613936, -0.0019456624858622772, 0.00039862369360865355], [-0.5346090609994089, 0.018695322905075064, 0.8448926776809025, 0.005819801311569367], [0.0, 0.0, 0.0, 1.0]], [[-0.8409457509290207, 0.033162688302251324, -0.5401022867003928, 0.007264448900349829], [-0.038006991095930816, -0.9992750977613937, -0.0021789038049296132, 0.00033212473415441374], [-0.5397830236514108, 0.01869532290507507, 0.8415965614706464, 0.00486620755806777], [0.0, 0.0, 0.0, 1.0]], [[-0.8376160041127672, 0.03316268830225133, -0.5452519287070231, 0.005802718474958751], [-0.037992906516723594, -0.9992750977613937, -0.002412063093868605, 0.0002656499487738537], [-0.5449366648598463, 0.01869532290507507, 0.8382687613128038, 0.0039059841229436842], [0.0, 0.0, 0.0, 1.0]], [[-0.8342547232066813, 0.03316268830225132, -0.5503810433798673, 0.004345432010489952], [-0.03797739160223002, -0.9992750977613937, -0.0026451315748312596, 0.00019919975306500364], [-0.5500697906033692, 0.018695322905075064, 0.8349094024904982, 0.002939192101392235], [0.0, 0.0, 0.0, 1.0]], [[-0.8308620347543506, 0.03316268830225132, -0.5554894376209399, 0.0028925664352354163], [-0.03796044693654677, -0.9992750977613936, -0.0028781004733882637, 0.0001327745052096906], [-0.5551822076329878, 0.018695322905075064, 0.831518611474955, 0.0019658915641617702], [0.0, 0.0, 0.0, 1.0]], [[-0.8274380664817758, 0.033162688302251324, -0.5605769191123269, 0.0014440975411009471], [-0.03794207315759695, -0.9992750977613937, -0.003110961018859335, 6.637450618742131e-05], [-0.5602737234793401, 0.01869532290507507, 0.8280965159207415, 0.000986141540284119], [0.0, 0.0, 0.0, 1.0]], [[-0.8239829472925626, 0.033162688302251324, -0.5656432963234248, -2.7755575615628914e-17], [-0.037922270957106104, -0.9992750977613937, -0.003343704444643397, 1.0842021724855044e-19], [-0.5653441464599399, 0.018695322905075067, 0.8246432446609607, 0.0], [0.0, 0.0, 0.0, 1.0]]]}