{"trajectory": [[[-0.8132358348567422, -0.03721848317834362, 0.5807428530896966, 1.1102230246251565e-16], [0.0239395145610399, -0.9992475505483498, -0.030516100106418732, -6.938893903907228e-18], [0.5814416364068189, -0.010914084158854708, 0.8135149084187298, 0.0], [0.0, 0.0, 0.0, 1.0]], [[-0.832498902686821, -0.03721848317834363, 0.5527751455475747, -0.04008909070917732], [0.024962576339164648, -0.9992475505483498, -0.02968505525739489, 0.0011649795555337891], [0.5534640429221671, -0.010914084158854708, 0.8328015585715622, 0.03004852959856441], [0.0, 0.0, 0.0, 1.0]], [[-0.850800552353603, -0.03721848317834363, 0.5241690611097795, -0.07930733824661496], [0.02595680988193954, -0.9992475505483498, -0.028819728379637047, 0.0022780747960928632], [0.5248472769630773, -0.010914084158854712, 0.8511264410364752, 0.06187767701435676], [0.0, 0.0, 0.0, 1.0]], [[-0.8681196480473573, -0.03721848317834363, 0.49495763574677365, -0.11814512875423], [0.02692106699063, -0.9992475505483498, -0.027921118802963867, 0.003359965573191702], [0.4956243868356546, -0.010914084158854706, 0.868468393173151, 0.09526636436648772], [0.0, 0.0, 0.0, 1.0]], [[-0.884436188668842, -0.037218483178343635, 0.4651746045119359, -0.15705269323331883], [0.027854234085031446, -0.9992475505483498, -0.026990264293990953, 0.004430369122863209], [0.4658291208334543, -0.010914084158854706, 0.8848073874863978, 0.12994471240366234], [0.0, 0.0, 0.0, 1.0]], [[-0.8997313309277354, -0.03721848317834362, 0.4348543625823587, -0.19643657582167118], [0.028755233489496428, -0.9992475505483498, -0.026028239857657568, 0.005507867391108041], [0.43549588826298996, -0.01091408415885471, 0.9001245547550645, 0.16559780621208886], [0.0, 0.0, 0.0, 1.0]], [[-0.9139874111039648, -0.03721848317834362, 0.40403192553729683, -0.23665637193928635], [0.02962302467749719, -0.9992475505483498, -0.02503615649574837, 0.006609742051249368], [0.40465971970586445, -0.01091408415885471, 0.9144022058233154, 0.20186967697287783], [0.0, 0.0, 0.0, 1.0]], [[-0.9271879654467976, -0.03721848317834363, 0.3727428889201397, -0.2780217481284565], [0.030456605473286238, -0.9992475505483498, -0.02401515992384397, 0.007751817835262867], [0.373356226563416, -0.010914084158854712, 0.9276238520290974, 0.23836748314227862], [0.0, 0.0, 0.0, 1.0]], [[-0.939317749188139, -0.03721848317834363, 0.341023387130607, -0.32078975448672176], [0.03125501320926718, -0.9992475505483499, -0.022966429248181902, 0.008948314773179769], [0.34162155993060067, -0.010914084158854715, 0.9397742242462052, 0.2746658738270267], [0.0, 0.0, 0.0, 1.0]], [[-0.9503627541480766, -0.03721848317834363, 0.30891005169464153, -0.36516243963514566], [0.03201732583773927, -0.9992475505483499, -0.02189117560395613, 0.010211709905088656], [0.3094923688466047, -0.01091408415885471, 0.9508392905179565, 0.31031151657427025], [0.0, 0.0, 0.0, 1.0]], [[-0.9603102249123412, -0.03721848317834363, 0.27643996896019224, -0.4112847771819073], [0.03274266299573176, -0.9992475505483498, -0.0207906407566277, 0.01155260899916568], [0.2770057579704015, -0.010914084158854713, 0.9608062722621126, 0.34482777129230247], [0.0, 0.0, 0.0, 1.0]], [[-0.9691486735630022, -0.03721848317834363, 0.2436506372677421, -0.45924291163479336], [0.033430187021698234, -0.9992475505483498, -0.019666095667861715, 0.01297962877661897], [0.24419924473013374, -0.01091408415885471, 0.9696636590283281, 0.37771949156587126], [0.0, 0.0, 0.0, 1.0]], [[-0.9768678929453825, -0.037218483178343635, 0.21057992364504324, -0.5090627306882889], [0.03407910392289693, -0.9992475505483498, -0.01851883902774691, 0.014499290110523425], [0.21111071599580464, -0.010914084158854712, 0.9774012217910883, 0.4084779342292637], [0.0, 0.0, 0.0, 1.0]], [[-0.9834589684558751, -0.03721848317834363, 0.17726602007606965, -0.5607087697641546], [0.0346886642923397, -0.9992475505483499, -0.017350195754992716, 0.016115922630329883], [0.17777838432531534, -0.010914084158854712, 0.9840100247627837, 0.4365857577126384], [0.0, 0.0, 0.0, 1.0]], [[-0.9889142883370459, -0.03721848317834363, 0.14374739939469347, -0.6140834536212162], [0.03525816417425086, -0.9992475505483498, -0.01616151546683614, 0.017831581127444564], [0.14424074383438173, -0.010914084158854712, 0.9894824357132762, 0.46152208938306427], [0.0, 0.0, 0.0, 1.0]], [[-0.9932275524681339, -0.03721848317834363, 0.110062770854017, -0.6690266787732196], [0.03578694587703623, -0.9992475505483498, -0.014954170920425192, 0.01964597411978233], [0.11053652574128872, -0.01091408415885471, 0.993812134784044, 0.48276764186215737], [0.0, 0.0, 0.0, 1.0]], [[-0.996393779640797, -0.037218483178343635, 0.07625103542267646, -0.7253157393656395], [0.03627439873282364, -0.9992475505483498, -0.013729556427479136, 0.021556404894688835], [0.07670465363782716, -0.010914084158854708, 0.9969941217867206, 0.4998098581176851], [0.0, 0.0, 0.0, 1.0]], [[-0.9984093133117017, -0.03721848317834362, 0.042351240859739465, -0.7826655980659892], [0.036719959802697745, -0.9992475505483498, -0.012489086244056145, 0.02355772531020126], [0.04278419853806514, -0.010914084158854713, 0.999024721977604, 0.512148064997545], [0.0, 0.0, 0.0, 1.0]], [[-0.9992718258253115, -0.037218483178343635, 0.008402536620081865, -0.8407295024201277], [0.03712311452681464, -0.9992475505483498, -0.011234192937288164, 0.025642302594367266], [0.008814333756868341, -0.01091408415885471, 0.9999015903014636, 0.5192986148014449], [0.0, 0.0, 0.0, 1.0]], [[-0.998980321101999, -0.03721848317834362, -0.02555587135768074, -0.8990999460220337], [0.03748339731864542, -0.9992475505483498, -0.009966325730969046, 0.027799999341368672], [-0.025165710329723243, -0.01091408415885471, 0.9996237140997476, 0.5207999944686892], [0.0, 0.0, 0.0, 1.0]]]}